0 2 576
0 2 507
0 2 262
0 2 398
0 2 846
0 2 831
0 2 520
0 2 398
0 2 731
0 2 292
0 2 117
0 2 576
0 2 563
0 2 75
0 2 686
0 2 686
0 2 262
0 2 980
0 2 831
0 2 729
0 2 980
0 2 126
0 2 101
0 2 853
0 2 701
0 2 193
0 2 520
0 2 446
0 2 596
0 2 56
0 2 871
0 2 324
0 2 311
0 2 421
0 2 330
0 2 901
0 2 196
0 2 846
0 2 563
0 2 686
0 2 448
0 2 386
0 2 546
0 2 966
0 2 572
0 2 932
0 2 578
0 2 691
0 2 117
0 2 691
0 2 729
0 2 858
0 2 196
0 2 966
0 2 118
0 2 849
0 2 604
0 2 980
0 2 835
0 2 128
0 2 926
0 2 846
0 2 239
0 2 731
0 2 641
0 2 262
0 2 852
0 2 623
0 2 653
0 2 957
0 2 56
0 2 324
0 2 480
0 2 196
0 2 980
0 2 480
0 2 262
0 2 932
0 2 546
0 2 653
0 2 691
0 2 731
0 2 849
0 2 326
0 2 48
0 2 980
0 2 48
0 2 789
0 2 239
0 2 89
0 2 239
0 2 292
0 2 39
0 2 262
0 2 313
0 2 903
0 2 11
0 2 196
0 2 126
0 2 196
0 2 563
0 2 966
0 2 480
0 2 56
0 2 398
0 2 193
0 2 239
0 2 930
0 2 268
0 2 118
0 2 768
0 2 966
0 2 640
0 2 31
0 2 118
0 2 598
0 2 641
0 2 129
0 2 117
0 2 957
0 2 930
0 2 980
0 2 56
0 2 324
0 2 831
0 2 39
0 2 640
0 2 926
0 2 11
0 2 268
0 2 71
0 2 480
0 2 507
0 2 196
0 2 169
0 2 117
0 2 572
0 2 48
0 2 118
0 2 871
0 2 23
0 2 480
0 2 691
0 2 520
0 2 268
0 2 279
0 2 118
0 2 640
0 2 196
0 2 641
0 2 853
0 2 701
0 2 725
0 2 126
0 2 56
0 2 37
0 2 871
0 2 875
0 2 546
0 2 381
0 2 789
0 2 56
0 2 140
0 2 641
0 2 623
0 2 381
0 2 957
0 2 966
0 2 75
0 2 670
0 2 576
0 2 578
0 2 875
0 2 448
0 2 565
0 2 875
0 2 448
0 2 268
0 2 578
0 2 980
0 2 101
0 2 546
0 2 744
0 2 966
0 2 23
0 2 932
0 2 210
0 2 56
0 2 193
0 2 520
0 2 731
0 2 448
0 2 926
0 2 126
0 2 193
0 2 37
0 2 598
0 2 520
0 2 596
0 2 729
