0 1 550
0 1 706
0 1 800
0 1 192
0 1 321
0 1 737
0 1 370
0 1 976
0 1 866
0 1 333
0 1 525
0 1 781
0 1 976
0 1 682
0 1 411
0 1 80
0 1 780
0 1 777
0 1 287
0 1 653
0 1 479
0 1 587
0 1 201
0 1 891
0 1 114
0 1 416
0 1 283
0 1 761
0 1 637
0 1 944
0 1 247
0 1 32
0 1 130
0 1 578
0 1 342
0 1 185
0 1 845
0 1 114
0 1 962
0 1 260
0 1 994
0 1 114
0 1 107
0 1 682
0 1 976
0 1 172
0 1 742
0 1 33
0 1 542
0 1 416
0 1 737
0 1 706
0 1 67
0 1 781
0 1 682
0 1 780
0 1 6
0 1 382
0 1 261
0 1 201
0 1 994
0 1 866
0 1 261
0 1 333
0 1 416
0 1 714
0 1 107
0 1 376
0 1 32
0 1 745
0 1 505
0 1 42
0 1 745
0 1 717
0 1 891
0 1 764
0 1 6
0 1 32
0 1 172
0 1 242
0 1 287
0 1 559
0 1 470
0 1 283
0 1 2
0 1 994
0 1 743
0 1 2
0 1 6
0 1 342
0 1 354
0 1 321
0 1 377
0 1 67
0 1 100
0 1 706
0 1 314
0 1 416
0 1 201
0 1 953
0 1 261
0 1 777
0 1 107
0 1 375
0 1 401
0 1 33
0 1 192
0 1 411
0 1 928
0 1 680
0 1 341
0 1 714
0 1 891
0 1 800
0 1 159
0 1 354
0 1 764
0 1 800
0 1 209
0 1 107
0 1 411
0 1 2
0 1 401
0 1 510
0 1 260
0 1 689
0 1 2
0 1 962
0 1 796
0 1 407
0 1 407
0 1 377
0 1 342
0 1 6
0 1 976
0 1 587
0 1 321
0 1 341
0 1 67
0 1 800
0 1 994
0 1 994
0 1 416
0 1 653
0 1 743
0 1 33
0 1 866
0 1 166
0 1 525
0 1 962
0 1 761
0 1 994
0 1 100
0 1 107
0 1 777
0 1 717
0 1 80
0 1 370
0 1 172
0 1 192
0 1 637
0 1 130
0 1 539
0 1 651
0 1 364
0 1 550
0 1 479
0 1 525
0 1 247
0 1 6
0 1 976
0 1 976
0 1 891
0 1 737
0 1 781
0 1 651
0 1 370
0 1 377
0 1 891
0 1 798
0 1 703
0 1 114
0 1 377
0 1 798
0 1 743
0 1 114
0 1 972
0 1 370
0 1 523
0 1 439
0 1 377
0 1 32
0 1 342
0 1 33
0 1 777
0 1 972
0 1 796
0 1 717
0 1 382
0 1 994
