0 3 512
0 3 526
0 3 392
0 3 526
0 3 769
0 3 526
0 3 604
0 3 985
0 3 145
0 3 906
0 3 632
0 3 835
0 3 396
0 3 889
0 3 743
0 3 444
0 3 946
0 3 222
0 3 50
0 3 225
0 3 398
0 3 658
0 3 785
0 3 483
0 3 783
0 3 554
0 3 785
0 3 591
0 3 870
0 3 57
0 3 388
0 3 810
0 3 822
0 3 769
0 3 163
0 3 435
0 3 320
0 3 227
0 3 320
0 3 822
0 3 848
0 3 835
0 3 729
0 3 985
0 3 451
0 3 435
0 3 946
0 3 999
0 3 906
0 3 320
0 3 144
0 3 288
0 3 861
0 3 163
0 3 178
0 3 999
0 3 591
0 3 178
0 3 57
0 3 810
0 3 969
0 3 165
0 3 861
0 3 290
0 3 436
0 3 554
0 3 317
0 3 878
0 3 452
0 3 392
0 3 604
0 3 456
0 3 12
0 3 222
0 3 163
0 3 330
0 3 225
0 3 968
0 3 604
0 3 451
0 3 627
0 3 798
0 3 835
0 3 163
0 3 726
0 3 451
0 3 593
0 3 388
0 3 769
0 3 827
0 3 848
0 3 93
0 3 456
0 3 290
0 3 78
0 3 903
0 3 388
0 3 190
0 3 999
0 3 776
0 3 554
0 3 822
0 3 755
0 3 798
0 3 190
0 3 968
0 3 906
0 3 50
0 3 388
0 3 972
0 3 783
0 3 972
0 3 165
0 3 317
0 3 697
0 3 86
0 3 78
0 3 798
0 3 776
0 3 12
0 3 257
0 3 903
0 3 330
0 3 906
0 3 746
0 3 417
0 3 332
0 3 604
0 3 755
0 3 903
0 3 320
0 3 682
0 3 290
0 3 783
0 3 86
0 3 244
0 3 12
0 3 632
0 3 392
0 3 663
0 3 968
0 3 163
0 3 444
0 3 387
0 3 594
0 3 878
0 3 483
0 3 729
0 3 163
0 3 391
0 3 57
0 3 605
0 3 969
0 3 290
0 3 783
0 3 726
0 3 8
0 3 165
0 3 627
0 3 456
0 3 163
0 3 878
0 3 398
0 3 483
0 3 227
0 3 512
0 3 938
0 3 776
0 3 452
0 3 317
0 3 632
0 3 317
0 3 145
0 3 332
0 3 985
0 3 244
0 3 93
0 3 257
0 3 227
0 3 290
0 3 658
0 3 658
0 3 554
0 3 227
0 3 222
0 3 743
0 3 593
0 3 227
0 3 604
0 3 330
0 3 785
0 3 78
0 3 769
0 3 398
0 3 878
0 3 444
0 3 93
0 3 483
0 3 320
0 3 392
