8775675
8637704
4083472
15029380
3287622
11557599
15601397
18211005
4217890
14392818
15511983
25078771
16781554
12776837
24610379
8645402
9286108
6375687
10242432
6200411
7509064
3577775
12754336
15362168
2842916
12910072
14813837
15706800
12992381
22478636
7915280
9498099
9898985
8027196
9641399
14634415
6049413
1723750
3112936
3347429
3432698
3060236
2944174
3626924
2912198
3159716
3232551
5912033
2863642
3030036
2876669
3448094
2893249
3152611
3686139
3138399
3017601
3361048
3551720
2926409
3205904
2963715
3067342
3262159
3532772
3150835
3173928
2766529
1279046
3991688
8199512
6568136
8004102
5364294
6067770
6320618
6034609
5850450
7411952
7906990
6388715
6282128
6456220
6238901
6325354
6141788
5608853
7168578
3454608
3032997
3062012
3001021
1729673
3332624
5518846
6072507
5653856
5825580
5762220
5765773
6446746
6594784
6134683
7392410
6189753
6661105
6492341
6765915
6238901
6369174
6615509
5829725
6096193
6092639
1206803
4757931
4813594
6100337
6507145
6621431
5872952
6774798
6496486
8079306
6376280
7746517
4033731
6216991
4879914
7110547
4640093
3430921
3371114
3695022
3238473
3078592
3134847
2979703
2919304
4595091
4728325
5440090
3816412
7327866
6104482
5811960
6214031
8940885
10892022
11861372
23208166
13244045
8226751
2954241
3231959
3150834
8230896
3973924
4536467
3385918
4461264
3014047
2741658
3015824
3490729
4168149
3088067
3249723
3307755
4740167
3574814
3384142
3099317
3203536
3303610
2936476
3160901
3027667
2986809
3392432
2805611
3195837
2960754
3722852
3995241
2473414
3922406
2811532
3314268
3575999
3468819
3599092
3096357
2859497
2836402
2744027
2814493
3205904
3547575
3092212
