29633002
542410
490301
540041
528791
516948
486748
497407
5909073
12500304
15802728
19219439
13538344
13567951
4386060
16534035
18107972
17197836
6221729
1592294
10013863
6874870
10225260
2629742
16001099
2970228
15769568
8717052
16269936
14628493
11691426
13746781
22857021
14725014
13531830
11648198
19856001
14162471
18661633
18081917
22263686
5681095
6941784
6142380
6346080
6376871
6477538
5338240
6394045
5712479
7162064
6208109
6889675
6079613
6127576
6815656
6149486
4145648
7107586
7022316
6372134
2892657
4640094
5363702
6256666
6236532
6163697
6114549
8056211
7329051
6135867
6373911
6518396
6084349
6321802
5982500
5962367
5839199
6349633
8023051
3969779
6210478
5578061
5932759
5580429
5953485
5801894
6665249
6485235
6430758
7232530
6142973
6761178
6723873
6392860
6344304
6547412
6210477
5851042
6295155
7289376
3110568
1460836
3304794
3162085
3046616
3295319
3218340
3432698
2884959
3080961
2929370
3134254
3748315
3368153
3173928
2832257
6176725
1162392
3211234
3555274
1764017
3514415
5286722
6415361
3152611
3846612
3307162
4830766
7033567
6530239
6185607
6067769
1286152
4785763
5078285
3523889
6432534
6215214
5961774
5912626
6904478
10699572
11012820
23562864
11417852
12293643
8154509
7948440
11480028
7670130
6687159
6632681
7173315
6366213
8241555
6815656
6248376
6185608
6133498
6340159
6108035
7708027
6443785
5862293
7251478
6653998
5700635
5839199
6199819
6122247
1361355
1742699
1708355
1735594
1631967
1605320
1633744
1438335
1521828
1508208
1282599
1242925
1209172
1665720
1154694
1443071
1599991
1448993
1291481
1624862
1607097
1573937
1636705
1684669
1580450
1559726
1569792
1618348
1752766
