41092305
18675845
6452075
13022580
11403640
15660020
10624962
16457055
9767528
16049063
11563521
16509757
19272140
9155836
9637846
3134847
13212661
13328722
16897023
21253477
7005144
7673090
14008511
14259584
13272468
19959035
8669088
4201310
8757911
18926324
17783473
17619447
4464817
13124431
5313961
6483459
5945194
6836973
6423060
1262465
4120185
6124615
6262587
6385755
6396413
7063175
6170212
6015068
6597152
6513659
8183524
3049577
4722403
3542838
3343876
3009903
3576591
4195389
2794952
2910421
2785477
3111160
3044839
3301241
3064972
3233735
2726262
3001021
3890431
3598501
4650752
3257421
3231959
3064972
2942990
3578367
3302425
3043063
3007534
3109384
3039510
3136623
3066157
3007534
2990361
2816861
4036100
6558662
6074283
7513209
3079184
3126556
3129517
2733961
2874300
2777187
3146690
2813308
2722709
3018785
2690141
2955425
3547576
2890881
3070894
622943
3122411
2913974
3360456
3887470
3474149
2834625
3153203
3404275
3070302
3237288
3332033
3757197
3086290
3056682
3121227
3021746
3605606
3213010
3138992
2845284
2967860
2880222
3258014
2971412
4406786
5453709
5360741
6463327
6473393
6254297
5939865
7124167
6274429
3336178
2955425
4162820
3270448
7932452
2882590
2886143
4824845
5771102
7159695
6000856
6789009
6270285
6072506
7580122
4695163
6377464
3843650
3351573
3100502
3056683
2651059
3076223
2899763
2735737
4014191
4676215
4166373
6549780
4201902
6738084
10248946
13341749
5686425
5218033
7944888
3824110
3753644
5581613
11633987
8575528
7554660
5915587
6908031
6990933
6631497
8323863
6140012
6678277
6070730
6145341
6272061
6286273
7296482
6406479
6778943
7024092
6210477
5606484
5785314
6837565
